1 0.025781 0.727083 0.028125 0.051389
1 0.054297 0.717361 0.028906 0.054167
1 0.083594 0.712500 0.028125 0.044444
1 0.109375 0.692361 0.028125 0.048611
1 0.132422 0.685417 0.028906 0.045833
1 0.158594 0.679167 0.028125 0.041667
1 0.181250 0.669444 0.029687 0.041667
1 0.205469 0.659722 0.025000 0.038889
1 0.228516 0.649306 0.027344 0.040278
1 0.270703 0.631944 0.030469 0.041667
1 0.012891 0.814583 0.024219 0.045833
1 0.041797 0.804167 0.030469 0.047222
1 0.072656 0.791667 0.029687 0.047222
1 0.103906 0.777083 0.034375 0.051389
1 0.159766 0.747917 0.028906 0.043056
1 0.189062 0.741667 0.028125 0.044444
1 0.214844 0.725694 0.034375 0.045833
1 0.241406 0.718750 0.029687 0.040278
1 0.266797 0.707639 0.032031 0.040278
1 0.290234 0.698611 0.030469 0.038889
1 0.314453 0.686111 0.030469 0.038889
1 0.335156 0.670833 0.029687 0.033333
1 0.357031 0.663194 0.028125 0.034722
1 0.380859 0.684722 0.032031 0.047222
1 0.357812 0.700694 0.034375 0.043056
1 0.020313 0.861111 0.031250 0.061111
1 0.054297 0.838889 0.030469 0.061111
1 0.087109 0.828472 0.033594 0.062500
1 0.119141 0.814583 0.032031 0.059722
1 0.150781 0.797917 0.032813 0.054167
1 0.181250 0.781944 0.034375 0.055556
1 0.274609 0.824306 0.035156 0.051389
1 0.243750 0.843056 0.037500 0.055556
1 0.214844 0.855556 0.034375 0.055556
1 0.178516 0.871528 0.035156 0.059722
1 0.146484 0.890278 0.035156 0.061111
1 0.111328 0.909028 0.036719 0.062500
1 0.075391 0.928472 0.036719 0.054167
1 0.033594 0.949306 0.037500 0.054167
1 0.129688 0.962500 0.042188 0.075000
1 0.378125 0.598611 0.031250 0.044444
1 0.426172 0.556250 0.032031 0.034722
1 0.367969 0.542361 0.025000 0.031944
1 0.392969 0.521528 0.031250 0.026389
1 0.423828 0.493750 0.030469 0.023611
1 0.460156 0.511111 0.031250 0.025000
1 0.476172 0.499306 0.025781 0.023611
1 0.466406 0.562500 0.031250 0.036111
1 0.498437 0.555556 0.028125 0.027778
1 0.503906 0.529167 0.028125 0.030556
1 0.518750 0.522917 0.025000 0.029167
1 0.522656 0.472222 0.029687 0.025000
1 0.557031 0.527778 0.028125 0.033333
1 0.541797 0.581250 0.032031 0.029167
1 0.604688 0.512500 0.020313 0.027778
1 0.583594 0.500694 0.028125 0.029167
1 0.627344 0.638889 0.040625 0.036111
1 0.714844 0.627083 0.042188 0.045833
1 0.535937 0.682639 0.040625 0.040278
1 0.492188 0.603472 0.032813 0.029167
1 0.416406 0.636111 0.031250 0.038889
1 0.442969 0.656944 0.039062 0.050000
1 0.554297 0.723611 0.042969 0.050000
1 0.585156 0.559722 0.034375 0.036111
1 0.602344 0.554861 0.025000 0.034722
1 0.659766 0.537500 0.033594 0.030556
1 0.685937 0.547222 0.031250 0.036111
1 0.697266 0.556944 0.032031 0.036111
1 0.714453 0.564583 0.032031 0.031944
1 0.733984 0.574306 0.032031 0.031944
1 0.751953 0.581944 0.035156 0.030556
1 0.603125 0.792361 0.051562 0.062500
1 0.534375 0.843056 0.054688 0.061111
1 0.550781 0.909028 0.059375 0.081944
1 0.503516 0.865972 0.055469 0.070833
1 0.491406 0.952778 0.056250 0.077778
1 0.386328 0.937500 0.050781 0.077778
1 0.425781 0.977083 0.051562 0.045833
1 0.089063 0.970833 0.043750 0.058333
1 0.861719 0.633333 0.042188 0.050000
1 0.969922 0.698611 0.058594 0.058333
