1 0.125781 0.761111 0.070312 0.083333
1 0.100391 0.697222 0.066406 0.058333
1 0.063281 0.736806 0.067187 0.065278
1 0.108594 0.565278 0.054688 0.052778
1 0.084375 0.524306 0.053125 0.048611
1 0.148438 0.477083 0.048438 0.043056
1 0.185938 0.448611 0.045312 0.041667
1 0.273828 0.411806 0.046094 0.045833
1 0.143750 0.365972 0.039062 0.040278
1 0.099219 0.395139 0.042188 0.037500
1 0.100781 0.431944 0.045312 0.036111
1 0.020313 0.450694 0.039062 0.040278
1 0.022656 0.394444 0.040625 0.036111
1 0.026953 0.363194 0.036719 0.034722
