1 0.064844 0.732639 0.071875 0.065278
1 0.126953 0.758333 0.072656 0.080556
1 0.098828 0.693056 0.066406 0.055556
1 0.143750 0.944444 0.073438 0.075000
1 0.174219 0.896528 0.054688 0.062500
1 0.108984 0.559028 0.053906 0.051389
1 0.083594 0.520139 0.051562 0.048611
1 0.020703 0.449306 0.039844 0.040278
1 0.099219 0.432639 0.043750 0.040278
1 0.147266 0.474306 0.047656 0.043056
1 0.184375 0.444444 0.043750 0.036111
1 0.273438 0.412500 0.042188 0.044444
1 0.022656 0.391667 0.037500 0.030556
1 0.098437 0.394444 0.039062 0.036111
1 0.144141 0.362500 0.036719 0.030556
1 0.061328 0.336806 0.033594 0.034722
1 0.026562 0.359028 0.034375 0.029167
1 0.431250 0.384722 0.032813 0.050000
1 0.409375 0.380556 0.031250 0.047222
1 0.318750 0.363194 0.032813 0.040278
1 0.302734 0.359028 0.028906 0.037500
1 0.287109 0.354167 0.030469 0.033333
1 0.266797 0.350694 0.028906 0.034722
1 0.248438 0.345833 0.028125 0.033333
1 0.221094 0.334028 0.034375 0.037500
1 0.206250 0.329167 0.034375 0.036111
1 0.164062 0.320833 0.035937 0.033333
1 0.152734 0.316667 0.033594 0.027778
1 0.131250 0.315278 0.029687 0.030556
1 0.122656 0.308333 0.040625 0.036111
1 0.092188 0.303472 0.034375 0.031944
1 0.067578 0.295139 0.032031 0.029167
