1 0.026562 0.728472 0.031250 0.051389
1 0.054688 0.718750 0.029687 0.056944
1 0.082422 0.714583 0.027344 0.048611
1 0.108594 0.694444 0.028125 0.052778
1 0.132422 0.685417 0.030469 0.048611
1 0.158203 0.679167 0.030469 0.044444
1 0.181250 0.670139 0.031250 0.040278
1 0.205078 0.659722 0.027344 0.041667
1 0.227734 0.650000 0.028906 0.041667
1 0.248438 0.640278 0.026562 0.038889
1 0.270703 0.631250 0.030469 0.043056
1 0.296875 0.629861 0.028125 0.037500
1 0.310937 0.615972 0.029687 0.037500
1 0.012891 0.813194 0.024219 0.040278
1 0.019531 0.858333 0.032813 0.063889
1 0.041016 0.805556 0.030469 0.052778
1 0.055078 0.839583 0.032031 0.062500
1 0.071875 0.791667 0.028125 0.044444
1 0.102344 0.778472 0.032813 0.054167
1 0.088281 0.827778 0.031250 0.061111
1 0.119922 0.813889 0.032031 0.058333
1 0.133203 0.767361 0.025781 0.045833
1 0.150781 0.800000 0.032813 0.055556
1 0.180078 0.781250 0.035156 0.059722
1 0.160547 0.750000 0.028906 0.044444
1 0.189062 0.738889 0.029687 0.044444
1 0.215234 0.723611 0.033594 0.047222
1 0.240625 0.718750 0.032813 0.040278
1 0.266406 0.707639 0.034375 0.043056
1 0.290625 0.697222 0.031250 0.038889
1 0.314063 0.686111 0.032813 0.038889
1 0.335156 0.670833 0.031250 0.038889
1 0.358594 0.662500 0.031250 0.038889
1 0.359375 0.702778 0.035937 0.047222
1 0.382422 0.686806 0.033594 0.048611
1 0.404687 0.668056 0.029687 0.038889
1 0.303516 0.807639 0.042969 0.054167
1 0.273828 0.826389 0.035156 0.052778
1 0.244531 0.843750 0.039062 0.056944
1 0.215234 0.856944 0.038281 0.058333
1 0.177734 0.870833 0.038281 0.058333
1 0.143359 0.888194 0.035156 0.059722
1 0.165234 0.947222 0.044531 0.080556
1 0.110156 0.908333 0.035937 0.066667
1 0.128906 0.961806 0.042188 0.076389
1 0.073828 0.927083 0.039844 0.056944
1 0.087500 0.972222 0.040625 0.055556
1 0.032813 0.949306 0.040625 0.056944
1 0.384766 0.939583 0.052344 0.079167
1 0.426563 0.974306 0.056250 0.051389
1 0.491406 0.952778 0.056250 0.080556
1 0.551562 0.909028 0.057813 0.084722
1 0.533594 0.843750 0.056250 0.059722
1 0.501563 0.864583 0.051562 0.062500
1 0.603516 0.793750 0.050781 0.062500
1 0.553516 0.723611 0.041406 0.050000
1 0.535547 0.681250 0.039844 0.037500
1 0.443750 0.656944 0.037500 0.050000
1 0.415625 0.635417 0.029687 0.034722
1 0.378516 0.599306 0.032031 0.043056
1 0.425781 0.555556 0.031250 0.038889
1 0.466016 0.562500 0.032031 0.038889
1 0.491016 0.604861 0.033594 0.031944
1 0.553516 0.608333 0.035156 0.038889
1 0.627344 0.638194 0.039062 0.034722
1 0.541797 0.580556 0.033594 0.027778
1 0.499219 0.556944 0.029687 0.030556
1 0.715625 0.627778 0.045312 0.050000
1 0.825391 0.672222 0.052344 0.055556
1 0.859766 0.629167 0.042969 0.047222
1 0.838672 0.624306 0.041406 0.043056
1 0.751563 0.581944 0.034375 0.030556
1 0.733203 0.573611 0.030469 0.030556
1 0.714453 0.564583 0.032031 0.031944
1 0.700781 0.556250 0.035937 0.040278
1 0.684766 0.548611 0.028906 0.033333
1 0.367578 0.541667 0.025781 0.036111
1 0.424609 0.494444 0.032031 0.027778
1 0.458984 0.512500 0.030469 0.027778
1 0.476172 0.500000 0.025781 0.025000
1 0.503906 0.527778 0.026562 0.025000
1 0.518359 0.522222 0.025781 0.027778
1 0.556641 0.527778 0.028906 0.030556
1 0.585156 0.559722 0.034375 0.036111
1 0.600781 0.553472 0.028125 0.029167
1 0.658203 0.537500 0.035156 0.030556
1 0.605078 0.512500 0.021094 0.030556
1 0.583203 0.502083 0.028906 0.029167
1 0.570312 0.495833 0.026562 0.027778
1 0.559766 0.490278 0.028906 0.027778
1 0.523047 0.472222 0.027344 0.025000
1 0.507422 0.468750 0.019531 0.020833
