1 0.027344 0.723611 0.028125 0.050000
1 0.056250 0.714583 0.026562 0.054167
1 0.083203 0.708333 0.027344 0.044444
1 0.110547 0.690972 0.027344 0.051389
1 0.133594 0.681250 0.028125 0.045833
1 0.158594 0.676389 0.028125 0.041667
1 0.183203 0.665972 0.027344 0.040278
1 0.207031 0.657639 0.025000 0.037500
1 0.228906 0.647222 0.028125 0.038889
1 0.266797 0.702778 0.032031 0.038889
1 0.290625 0.694444 0.029687 0.036111
1 0.216797 0.720139 0.035156 0.045833
1 0.190625 0.740278 0.029687 0.044444
1 0.182812 0.777778 0.037500 0.058333
1 0.161719 0.742361 0.031250 0.037500
1 0.131641 0.754861 0.030469 0.040278
1 0.150781 0.797222 0.029687 0.050000
1 0.104688 0.771528 0.032813 0.045833
1 0.122266 0.813194 0.033594 0.048611
1 0.087891 0.824306 0.036719 0.056944
1 0.073438 0.788889 0.028125 0.044444
1 0.043750 0.802778 0.029687 0.050000
1 0.055078 0.836806 0.028906 0.056944
1 0.030859 0.874306 0.047656 0.059722
1 0.013672 0.818750 0.025781 0.051389
1 0.244922 0.839583 0.038281 0.054167
1 0.215625 0.853472 0.034375 0.054167
1 0.179297 0.870833 0.038281 0.058333
1 0.145703 0.886806 0.038281 0.062500
1 0.112109 0.904861 0.033594 0.062500
1 0.130078 0.957639 0.041406 0.073611
1 0.033984 0.947917 0.036719 0.059722
1 0.360938 0.828472 0.042188 0.062500
1 0.387891 0.936806 0.049219 0.076389
1 0.360547 0.698611 0.035156 0.044444
1 0.358594 0.661111 0.032813 0.036111
1 0.383984 0.684028 0.033594 0.048611
1 0.378906 0.596528 0.029687 0.040278
1 0.416406 0.635417 0.029687 0.037500
1 0.443750 0.655556 0.035937 0.047222
1 0.503516 0.862500 0.052344 0.058333
1 0.533984 0.838889 0.055469 0.058333
1 0.551953 0.907639 0.057031 0.084722
1 0.492188 0.952083 0.053125 0.073611
1 0.553516 0.722222 0.041406 0.047222
1 0.537109 0.678472 0.039844 0.040278
1 0.573828 0.660417 0.039844 0.043056
1 0.491016 0.602778 0.032031 0.030556
1 0.466797 0.561111 0.030469 0.038889
1 0.426563 0.551389 0.031250 0.036111
1 0.393750 0.518056 0.031250 0.025000
1 0.367969 0.539583 0.023438 0.031944
1 0.603906 0.792361 0.050000 0.065278
1 0.628516 0.634722 0.039844 0.033333
1 0.715625 0.624306 0.042188 0.045833
1 0.862500 0.630556 0.040625 0.052778
1 0.752344 0.578472 0.034375 0.034722
1 0.735547 0.571528 0.032031 0.031944
1 0.717969 0.561806 0.034375 0.034722
1 0.698828 0.556250 0.036719 0.034722
1 0.687109 0.545139 0.033594 0.031944
1 0.659766 0.533333 0.033594 0.027778
1 0.555078 0.604861 0.036719 0.037500
1 0.543750 0.578472 0.032813 0.026389
1 0.586719 0.556944 0.034375 0.033333
1 0.603516 0.550000 0.024219 0.030556
1 0.605859 0.508333 0.021094 0.025000
1 0.557422 0.524306 0.027344 0.031944
1 0.499219 0.552778 0.028125 0.025000
1 0.504297 0.525694 0.027344 0.023611
1 0.459766 0.508333 0.030469 0.025000
1 0.478516 0.495139 0.024219 0.026389
1 0.425781 0.491667 0.032813 0.025000
1 0.524219 0.468056 0.028125 0.022222
1 0.583203 0.498611 0.030469 0.027778
1 0.425781 0.975694 0.051562 0.048611
1 0.076953 0.926389 0.036719 0.055556
1 0.969531 0.687500 0.056250 0.050000
