1 0.382422 0.468056 0.078906 0.069444
1 0.275000 0.400694 0.046875 0.051389
1 0.185547 0.432639 0.046094 0.040278
1 0.149609 0.461806 0.050781 0.045833
1 0.085156 0.511111 0.050000 0.044444
1 0.110156 0.550694 0.051562 0.051389
1 0.102734 0.686806 0.066406 0.056944
1 0.130078 0.744444 0.067969 0.077778
1 0.067578 0.722917 0.067969 0.062500
1 0.021484 0.440972 0.041406 0.045833
1 0.100781 0.420833 0.045312 0.041667
1 0.100391 0.384028 0.041406 0.037500
1 0.144531 0.352083 0.037500 0.034722
1 0.062500 0.327778 0.034375 0.030556
1 0.027734 0.350694 0.035156 0.034722
1 0.023438 0.380556 0.039062 0.033333
