4 0.025781 0.729167 0.029687 0.052778
4 0.053906 0.718750 0.029687 0.054167
4 0.082812 0.712500 0.028125 0.044444
4 0.108984 0.695139 0.027344 0.051389
4 0.132422 0.686111 0.030469 0.047222
4 0.158203 0.679167 0.028906 0.041667
4 0.181250 0.670139 0.031250 0.040278
4 0.205078 0.659722 0.027344 0.041667
4 0.227734 0.650694 0.027344 0.037500
4 0.378125 0.600694 0.031250 0.040278
4 0.368359 0.542361 0.025781 0.034722
4 0.392969 0.521528 0.032813 0.029167
4 0.423438 0.493056 0.031250 0.025000
4 0.426953 0.554861 0.030469 0.037500
4 0.443359 0.657639 0.036719 0.051389
4 0.416016 0.638194 0.028906 0.037500
4 0.381641 0.686111 0.032031 0.047222
4 0.359375 0.701389 0.034375 0.044444
4 0.356641 0.661806 0.030469 0.031944
4 0.334766 0.671528 0.028906 0.034722
4 0.313672 0.686111 0.030469 0.036111
4 0.289844 0.697917 0.031250 0.040278
4 0.265625 0.706944 0.032813 0.038889
4 0.215234 0.725694 0.035156 0.045833
4 0.189062 0.741667 0.029687 0.041667
4 0.180859 0.781250 0.036719 0.059722
4 0.160938 0.748611 0.029687 0.041667
4 0.130859 0.761806 0.032031 0.045833
4 0.149609 0.799306 0.030469 0.054167
4 0.102344 0.778472 0.029687 0.051389
4 0.119922 0.811806 0.033594 0.059722
4 0.073047 0.791667 0.027344 0.044444
4 0.041406 0.804861 0.028125 0.048611
4 0.012109 0.817361 0.022656 0.045833
4 0.019922 0.862500 0.028906 0.058333
4 0.052734 0.840278 0.030469 0.061111
4 0.085938 0.829167 0.032813 0.058333
4 0.274219 0.827778 0.037500 0.055556
4 0.243750 0.844444 0.039062 0.058333
4 0.215234 0.855556 0.036719 0.055556
4 0.177344 0.872222 0.034375 0.058333
4 0.144922 0.893056 0.038281 0.066667
4 0.110547 0.910417 0.035156 0.065278
4 0.128906 0.954861 0.040625 0.054167
4 0.074609 0.926389 0.038281 0.052778
4 0.032422 0.947917 0.038281 0.051389
4 0.386719 0.938194 0.050000 0.073611
4 0.491016 0.955556 0.052344 0.075000
4 0.551172 0.909722 0.057031 0.080556
4 0.502344 0.865972 0.051562 0.062500
4 0.533594 0.843750 0.053125 0.059722
4 0.603125 0.794444 0.051562 0.061111
4 0.553125 0.725000 0.042188 0.050000
4 0.535547 0.682639 0.041406 0.040278
4 0.491016 0.604861 0.032031 0.031944
4 0.465234 0.563889 0.030469 0.036111
4 0.459375 0.512500 0.031250 0.025000
4 0.476172 0.500694 0.025781 0.023611
4 0.485156 0.448611 0.025000 0.022222
4 0.498828 0.556250 0.027344 0.031944
4 0.504687 0.528472 0.028125 0.023611
4 0.517578 0.523611 0.024219 0.027778
4 0.626563 0.638194 0.040625 0.037500
4 0.554297 0.607639 0.035156 0.037500
4 0.542188 0.582639 0.031250 0.029167
4 0.557422 0.529167 0.028906 0.030556
4 0.585547 0.560417 0.033594 0.031944
4 0.605078 0.553472 0.019531 0.031944
4 0.715625 0.628472 0.043750 0.048611
4 0.861719 0.631944 0.040625 0.050000
4 0.751953 0.583333 0.033594 0.033333
4 0.733594 0.575000 0.029687 0.027778
4 0.713281 0.563889 0.028125 0.027778
4 0.699609 0.554861 0.035156 0.034722
4 0.685156 0.547917 0.028125 0.031944
4 0.658984 0.538889 0.030469 0.027778
4 0.605469 0.512500 0.020313 0.025000
4 0.583594 0.503472 0.029687 0.029167
4 0.522266 0.472222 0.025781 0.022222
4 0.560547 0.490972 0.027344 0.029167
4 0.425000 0.975694 0.051562 0.048611
