4 0.026953 0.726389 0.030469 0.050000
4 0.054688 0.715278 0.028125 0.052778
4 0.108984 0.693056 0.028906 0.052778
4 0.133203 0.684028 0.028906 0.048611
4 0.158594 0.677083 0.028125 0.043056
4 0.182812 0.668056 0.029687 0.041667
4 0.207031 0.657639 0.025000 0.040278
4 0.228516 0.647222 0.027344 0.038889
4 0.367969 0.540972 0.025000 0.034722
4 0.394141 0.520139 0.030469 0.029167
4 0.378516 0.596528 0.028906 0.040278
4 0.014063 0.816667 0.026562 0.050000
4 0.044141 0.804167 0.030469 0.052778
4 0.074219 0.793056 0.026562 0.047222
4 0.103906 0.776389 0.032813 0.055556
4 0.132422 0.761111 0.032031 0.047222
4 0.160938 0.747222 0.028125 0.044444
4 0.190234 0.739583 0.028906 0.043056
4 0.215625 0.723611 0.032813 0.050000
4 0.266016 0.705556 0.033594 0.044444
4 0.290625 0.695139 0.029687 0.037500
4 0.275391 0.824306 0.035156 0.051389
4 0.245312 0.843750 0.037500 0.059722
4 0.215625 0.855556 0.037500 0.058333
4 0.178906 0.868750 0.035937 0.056944
4 0.146094 0.889583 0.039062 0.062500
4 0.111328 0.907639 0.036719 0.065278
4 0.129297 0.960417 0.039844 0.070833
4 0.076172 0.928472 0.033594 0.054167
4 0.033984 0.946528 0.036719 0.056944
4 0.361328 0.829167 0.039844 0.061111
4 0.386719 0.937500 0.048438 0.075000
4 0.180859 0.779861 0.036719 0.056944
4 0.151172 0.799306 0.030469 0.054167
4 0.121484 0.811806 0.030469 0.056944
4 0.085938 0.827083 0.035937 0.059722
4 0.053906 0.838889 0.031250 0.063889
4 0.019531 0.859722 0.031250 0.058333
4 0.360938 0.699306 0.034375 0.045833
4 0.382031 0.684722 0.034375 0.050000
4 0.357812 0.658333 0.032813 0.033333
4 0.416406 0.637500 0.031250 0.038889
4 0.442969 0.656250 0.037500 0.048611
4 0.427344 0.553472 0.031250 0.037500
4 0.425000 0.492361 0.031250 0.023611
4 0.460156 0.510417 0.031250 0.026389
4 0.476953 0.495833 0.025781 0.025000
4 0.466406 0.561806 0.031250 0.043056
4 0.491406 0.602778 0.031250 0.030556
4 0.498828 0.554167 0.028906 0.027778
4 0.505078 0.527778 0.025781 0.025000
4 0.523438 0.472222 0.026562 0.025000
4 0.532031 0.511806 0.029687 0.023611
4 0.535937 0.679861 0.040625 0.040278
4 0.554688 0.722917 0.040625 0.048611
4 0.573438 0.661111 0.037500 0.038889
4 0.553125 0.607639 0.031250 0.034722
4 0.544531 0.579167 0.032813 0.025000
4 0.587109 0.556944 0.035156 0.030556
4 0.627344 0.636806 0.039062 0.034722
4 0.604688 0.793056 0.050000 0.061111
4 0.716016 0.626389 0.042969 0.044444
4 0.751172 0.579861 0.032031 0.031944
4 0.735156 0.572917 0.031250 0.031944
4 0.717187 0.563194 0.032813 0.034722
4 0.700781 0.554861 0.034375 0.031944
4 0.687109 0.545139 0.028906 0.031944
4 0.607031 0.509722 0.023438 0.025000
4 0.583594 0.497917 0.026562 0.029167
4 0.862891 0.631250 0.041406 0.051389
4 0.535547 0.840972 0.053906 0.056944
4 0.551953 0.908333 0.057031 0.080556
4 0.502344 0.863889 0.051562 0.061111
4 0.492578 0.952083 0.053906 0.076389
4 0.425781 0.977778 0.050000 0.044444
4 0.485547 0.447917 0.021094 0.023611
