1 0.129688 0.745139 0.070312 0.076389
1 0.101953 0.684722 0.067969 0.058333
1 0.066406 0.722917 0.068750 0.062500
1 0.110156 0.546528 0.054688 0.051389
1 0.085938 0.513889 0.051562 0.047222
1 0.149219 0.464583 0.048438 0.043056
1 0.185938 0.434028 0.045312 0.043056
1 0.275781 0.402778 0.045312 0.047222
1 0.144531 0.352083 0.035937 0.031944
1 0.100000 0.384028 0.042188 0.034722
1 0.101172 0.421528 0.044531 0.040278
1 0.021484 0.442361 0.041406 0.043056
1 0.023047 0.381250 0.038281 0.034722
1 0.028125 0.352083 0.035937 0.031944
1 0.061328 0.326389 0.035156 0.033333
