4 0.032813 0.948611 0.039062 0.061111
4 0.019922 0.857639 0.033594 0.065278
4 0.013672 0.815972 0.025781 0.048611
4 0.025781 0.726389 0.029687 0.050000
4 0.042188 0.801389 0.028125 0.050000
4 0.054688 0.839583 0.031250 0.062500
4 0.087109 0.826389 0.033594 0.061111
4 0.073438 0.792361 0.028125 0.045833
4 0.055078 0.716667 0.028906 0.058333
4 0.082812 0.710417 0.028125 0.045833
4 0.108984 0.693750 0.027344 0.051389
4 0.132422 0.683333 0.028906 0.047222
4 0.158594 0.678472 0.029687 0.043056
4 0.181250 0.668056 0.031250 0.038889
4 0.205469 0.658333 0.026562 0.038889
4 0.228125 0.649306 0.028125 0.037500
4 0.248047 0.640278 0.027344 0.036111
4 0.270703 0.629861 0.030469 0.040278
4 0.103125 0.773611 0.031250 0.050000
4 0.121484 0.812500 0.033594 0.058333
4 0.150391 0.800000 0.033594 0.055556
4 0.134375 0.767361 0.029687 0.045833
4 0.160547 0.747222 0.032031 0.047222
4 0.180859 0.781250 0.036719 0.059722
4 0.189453 0.740278 0.027344 0.044444
4 0.214844 0.725000 0.032813 0.047222
4 0.241016 0.717361 0.030469 0.040278
4 0.266406 0.706944 0.032813 0.041667
4 0.289844 0.697917 0.031250 0.040278
4 0.313672 0.686806 0.030469 0.037500
4 0.335938 0.671528 0.031250 0.037500
4 0.357422 0.663194 0.030469 0.034722
4 0.382422 0.686111 0.035156 0.047222
4 0.358984 0.700694 0.038281 0.045833
4 0.075000 0.928472 0.039062 0.056944
4 0.111719 0.909722 0.037500 0.066667
4 0.088672 0.973611 0.046094 0.052778
4 0.130469 0.961806 0.042188 0.076389
4 0.165234 0.944444 0.039844 0.077778
4 0.178125 0.874306 0.037500 0.068056
4 0.214844 0.856250 0.037500 0.062500
4 0.243750 0.844444 0.037500 0.058333
4 0.275000 0.826389 0.035937 0.055556
4 0.304297 0.808333 0.042969 0.058333
4 0.387500 0.938194 0.051562 0.079167
4 0.425391 0.973611 0.053906 0.052778
4 0.491797 0.954167 0.057031 0.077778
4 0.551172 0.907639 0.060156 0.084722
4 0.534375 0.842361 0.054688 0.059722
4 0.503516 0.864583 0.057031 0.068056
4 0.603516 0.793750 0.052344 0.062500
4 0.553516 0.723611 0.042969 0.047222
4 0.536328 0.679861 0.039844 0.040278
4 0.443750 0.656944 0.035937 0.050000
4 0.415625 0.637500 0.029687 0.038889
4 0.378516 0.597917 0.030469 0.043056
4 0.366797 0.541667 0.027344 0.036111
4 0.426953 0.553472 0.032031 0.034722
4 0.466406 0.563194 0.031250 0.040278
4 0.491406 0.604167 0.032813 0.033333
4 0.554297 0.606944 0.035156 0.038889
4 0.542969 0.580556 0.034375 0.027778
4 0.627344 0.638194 0.042188 0.037500
4 0.715234 0.626389 0.044531 0.047222
4 0.586328 0.558333 0.035156 0.033333
4 0.601953 0.553472 0.027344 0.031944
4 0.557031 0.527083 0.028125 0.031944
4 0.517578 0.520833 0.027344 0.027778
4 0.503906 0.529861 0.028125 0.026389
4 0.498437 0.555556 0.029687 0.027778
4 0.424219 0.493750 0.032813 0.026389
4 0.460156 0.509722 0.032813 0.025000
4 0.476562 0.498611 0.026562 0.025000
4 0.523828 0.472917 0.027344 0.023611
4 0.604688 0.509028 0.025000 0.031944
4 0.582812 0.500694 0.029687 0.026389
4 0.571094 0.495139 0.026562 0.029167
4 0.559375 0.490278 0.028125 0.027778
4 0.658984 0.537500 0.033594 0.030556
4 0.686719 0.545833 0.032813 0.033333
4 0.699219 0.554861 0.037500 0.037500
4 0.714453 0.561806 0.030469 0.031944
4 0.732422 0.572222 0.027344 0.030556
4 0.751563 0.582639 0.032813 0.034722
4 0.860938 0.631250 0.042188 0.048611
4 0.899219 0.654861 0.046875 0.048611
4 0.968750 0.695833 0.057813 0.052778
