4 0.386719 0.938194 0.051562 0.076389
4 0.274609 0.826389 0.036719 0.052778
4 0.243750 0.845139 0.039062 0.059722
4 0.214844 0.856944 0.037500 0.058333
4 0.177734 0.872917 0.036719 0.065278
4 0.164844 0.945833 0.042188 0.080556
4 0.144141 0.891667 0.035156 0.063889
4 0.128906 0.963194 0.040625 0.073611
4 0.110547 0.909722 0.036719 0.069444
4 0.086719 0.971528 0.042188 0.056944
4 0.075000 0.927083 0.039062 0.059722
4 0.033203 0.950694 0.039844 0.059722
4 0.019141 0.859028 0.032031 0.062500
4 0.053516 0.840972 0.032031 0.065278
4 0.086328 0.828472 0.036719 0.059722
4 0.120313 0.815972 0.034375 0.056944
4 0.148438 0.800000 0.034375 0.055556
4 0.180078 0.782639 0.036719 0.059722
4 0.205859 0.768750 0.028906 0.051389
4 0.012891 0.814583 0.024219 0.043056
4 0.042578 0.804167 0.033594 0.047222
4 0.073047 0.791667 0.028906 0.044444
4 0.102734 0.775694 0.033594 0.051389
4 0.133594 0.765278 0.026562 0.044444
4 0.161328 0.750000 0.032031 0.047222
4 0.187891 0.740278 0.028906 0.041667
4 0.215234 0.724306 0.033594 0.043056
4 0.242188 0.719444 0.032813 0.038889
4 0.265625 0.708333 0.032813 0.041667
4 0.289844 0.697917 0.031250 0.040278
4 0.313281 0.686806 0.032813 0.040278
4 0.334766 0.671528 0.032031 0.034722
4 0.358203 0.661806 0.030469 0.034722
4 0.381641 0.686806 0.033594 0.051389
4 0.358984 0.702778 0.035156 0.047222
4 0.407031 0.754861 0.040625 0.048611
4 0.025781 0.727778 0.029687 0.050000
4 0.054297 0.718056 0.028906 0.055556
4 0.081641 0.711806 0.027344 0.045833
4 0.108984 0.695833 0.027344 0.052778
4 0.132422 0.684722 0.028906 0.050000
4 0.157812 0.679861 0.029687 0.043056
4 0.180859 0.670833 0.032031 0.041667
4 0.205078 0.659028 0.027344 0.040278
4 0.228125 0.650000 0.028125 0.036111
4 0.248438 0.640278 0.026562 0.038889
4 0.269922 0.631250 0.030469 0.043056
4 0.310547 0.617361 0.030469 0.037500
4 0.491016 0.954861 0.057031 0.081944
4 0.550781 0.910417 0.059375 0.081944
4 0.502734 0.865278 0.053906 0.063889
4 0.533984 0.844444 0.053906 0.061111
4 0.603516 0.794444 0.050781 0.061111
4 0.553125 0.725000 0.042188 0.050000
4 0.535937 0.681250 0.040625 0.040278
4 0.443750 0.657639 0.037500 0.051389
4 0.415625 0.638889 0.029687 0.038889
4 0.379297 0.598611 0.030469 0.041667
4 0.396875 0.589583 0.029687 0.037500
4 0.368750 0.543056 0.023438 0.036111
4 0.426172 0.558333 0.032031 0.038889
4 0.454297 0.618750 0.033594 0.037500
4 0.490625 0.605556 0.031250 0.033333
4 0.465625 0.564583 0.031250 0.040278
4 0.425000 0.493750 0.032813 0.026389
4 0.458594 0.511111 0.031250 0.025000
4 0.476172 0.500000 0.028906 0.025000
4 0.498828 0.555556 0.028906 0.030556
4 0.503516 0.529861 0.025781 0.026389
4 0.516406 0.522222 0.028125 0.027778
4 0.511328 0.469444 0.027344 0.025000
4 0.557813 0.529167 0.029687 0.033333
4 0.541797 0.580556 0.032031 0.027778
4 0.553906 0.607639 0.035937 0.037500
4 0.627734 0.638194 0.039844 0.034722
4 0.714844 0.627778 0.043750 0.050000
4 0.585938 0.559028 0.034375 0.034722
4 0.601953 0.555556 0.025781 0.033333
4 0.604297 0.513889 0.022656 0.027778
4 0.582812 0.501389 0.028125 0.025000
4 0.569922 0.496528 0.027344 0.029167
4 0.558594 0.492361 0.028125 0.026389
4 0.658984 0.537500 0.033594 0.027778
4 0.684766 0.545833 0.030469 0.033333
4 0.699219 0.556944 0.034375 0.038889
4 0.715234 0.563194 0.032031 0.034722
4 0.733594 0.575000 0.035937 0.033333
4 0.859375 0.633333 0.043750 0.050000
4 0.890234 0.644444 0.042969 0.052778
4 0.969141 0.697917 0.058594 0.051389
