4 0.160547 0.723611 0.022656 0.052778
4 0.186328 0.718750 0.022656 0.045833
4 0.159766 0.807639 0.025781 0.051389
4 0.189453 0.795833 0.027344 0.050000
4 0.219922 0.786111 0.024219 0.050000
4 0.235547 0.695139 0.022656 0.054167
4 0.259766 0.690278 0.025781 0.047222
4 0.244531 0.772222 0.025000 0.052778
4 0.230859 0.911111 0.027344 0.066667
4 0.263281 0.897222 0.029687 0.063889
4 0.298438 0.875000 0.032813 0.052778
4 0.282422 0.795139 0.027344 0.062500
4 0.271094 0.761111 0.026562 0.047222
4 0.309375 0.784722 0.031250 0.058333
4 0.305078 0.675694 0.024219 0.040278
4 0.350000 0.655556 0.028125 0.047222
4 0.323047 0.739583 0.028906 0.048611
4 0.338281 0.775694 0.029687 0.059722
4 0.350391 0.733333 0.025781 0.041667
4 0.364844 0.766667 0.029687 0.055556
4 0.375391 0.721528 0.028906 0.048611
4 0.422656 0.700694 0.029687 0.045833
4 0.434375 0.630556 0.026562 0.041667
4 0.468359 0.688194 0.030469 0.043056
4 0.491797 0.681250 0.028906 0.040278
4 0.330859 0.861806 0.032031 0.062500
4 0.343750 0.915278 0.034375 0.075000
4 0.359766 0.852083 0.030469 0.056944
4 0.388672 0.837500 0.033594 0.061111
4 0.422266 0.825694 0.033594 0.056944
4 0.448047 0.817361 0.036719 0.059722
4 0.475781 0.804167 0.040625 0.058333
4 0.528125 0.779167 0.035937 0.052778
4 0.605078 0.750694 0.041406 0.051389
4 0.559766 0.690972 0.036719 0.045833
4 0.557031 0.651389 0.031250 0.033333
4 0.582031 0.677778 0.032813 0.047222
4 0.643750 0.654861 0.039062 0.051389
4 0.703516 0.871528 0.057031 0.068056
4 0.738672 0.855556 0.061719 0.063889
4 0.754687 0.926389 0.062500 0.091667
4 0.583594 0.930556 0.051562 0.075000
4 0.815625 0.812500 0.057813 0.069444
4 0.759766 0.731944 0.047656 0.052778
4 0.741016 0.687500 0.046094 0.047222
4 0.655859 0.614583 0.035156 0.037500
4 0.677734 0.609028 0.033594 0.040278
4 0.696484 0.604861 0.032031 0.034722
4 0.596484 0.581944 0.028906 0.038889
4 0.577734 0.588889 0.030469 0.041667
4 0.569141 0.534028 0.024219 0.037500
4 0.626953 0.549306 0.032031 0.037500
4 0.668750 0.559722 0.031250 0.041667
4 0.702734 0.552778 0.032031 0.030556
4 0.762500 0.609722 0.040625 0.044444
4 0.845703 0.647917 0.046094 0.045833
4 0.947656 0.643056 0.053125 0.055556
4 0.919141 0.615278 0.044531 0.038889
4 0.781641 0.571528 0.035156 0.034722
4 0.691406 0.529167 0.032813 0.027778
4 0.709766 0.524306 0.030469 0.029167
4 0.724609 0.519444 0.027344 0.027778
4 0.679688 0.494444 0.029687 0.025000
4 0.696094 0.490278 0.021875 0.025000
4 0.608984 0.496528 0.032031 0.026389
4 0.625781 0.484722 0.032813 0.025000
4 0.633984 0.477083 0.025781 0.023611
4 0.821484 0.510417 0.025781 0.029167
4 0.794531 0.500000 0.031250 0.033333
4 0.771484 0.488889 0.033594 0.030556
