4 0.096484 0.904167 0.077344 0.108333
4 0.125391 0.759028 0.069531 0.087500
4 0.062891 0.737500 0.067969 0.066667
4 0.100000 0.702778 0.067187 0.055556
4 0.109375 0.565972 0.053125 0.059722
4 0.083203 0.525694 0.050781 0.048611
4 0.019531 0.452778 0.037500 0.044444
4 0.098437 0.436111 0.046875 0.047222
4 0.148047 0.478472 0.049219 0.048611
4 0.184375 0.448611 0.043750 0.041667
4 0.273828 0.418056 0.044531 0.047222
4 0.431250 0.390972 0.032813 0.048611
4 0.410156 0.386111 0.034375 0.047222
4 0.169141 0.386806 0.038281 0.037500
4 0.144141 0.366667 0.035156 0.030556
4 0.098828 0.401389 0.039844 0.036111
4 0.022266 0.396528 0.038281 0.037500
4 0.026172 0.363889 0.035156 0.030556
4 0.060547 0.341667 0.032031 0.030556
4 0.318359 0.367361 0.035156 0.040278
4 0.220703 0.336111 0.032031 0.036111
4 0.303125 0.363889 0.029687 0.036111
4 0.284375 0.359722 0.025000 0.033333
4 0.267188 0.354861 0.028125 0.043056
4 0.162500 0.326389 0.035937 0.033333
4 0.131641 0.320139 0.030469 0.029167
4 0.091406 0.305556 0.035937 0.041667
