4 0.107422 0.745833 0.025781 0.047222
4 0.159766 0.807639 0.025781 0.054167
4 0.160547 0.722917 0.022656 0.051389
4 0.186719 0.719444 0.021875 0.047222
4 0.189062 0.795139 0.025000 0.048611
4 0.218750 0.785417 0.023438 0.045833
4 0.230469 0.911111 0.026562 0.069444
4 0.262500 0.897222 0.031250 0.063889
4 0.245312 0.773611 0.025000 0.050000
4 0.235937 0.697222 0.021875 0.055556
4 0.259766 0.691667 0.027344 0.047222
4 0.272656 0.759722 0.025000 0.047222
4 0.281641 0.795833 0.025781 0.058333
4 0.305078 0.675000 0.022656 0.036111
4 0.309375 0.784028 0.029687 0.056944
4 0.323828 0.742361 0.027344 0.051389
4 0.350391 0.656944 0.027344 0.047222
4 0.349609 0.734028 0.025781 0.043056
4 0.375781 0.722222 0.028125 0.047222
4 0.364844 0.765972 0.029687 0.051389
4 0.338281 0.777778 0.029687 0.052778
4 0.297656 0.875694 0.032813 0.048611
4 0.307422 0.934028 0.038281 0.079167
4 0.344531 0.917361 0.032813 0.076389
4 0.328516 0.862500 0.028906 0.058333
4 0.359766 0.851389 0.032031 0.058333
4 0.389844 0.840278 0.032813 0.061111
4 0.422266 0.825694 0.033594 0.056944
4 0.448047 0.819444 0.036719 0.058333
4 0.475000 0.804167 0.039062 0.058333
4 0.423438 0.703472 0.031250 0.048611
4 0.435156 0.630556 0.025000 0.041667
4 0.469141 0.688889 0.030469 0.041667
4 0.492188 0.681944 0.029687 0.038889
4 0.529297 0.780556 0.038281 0.055556
4 0.583984 0.931944 0.052344 0.083333
4 0.754297 0.927083 0.061719 0.095833
4 0.737109 0.856250 0.058594 0.068056
4 0.704688 0.872222 0.060937 0.072222
4 0.605078 0.749306 0.041406 0.048611
4 0.558594 0.689583 0.034375 0.045833
4 0.582031 0.678472 0.031250 0.048611
4 0.556641 0.652083 0.033594 0.037500
4 0.815625 0.812500 0.056250 0.069444
4 0.760156 0.731944 0.050000 0.055556
4 0.742188 0.686111 0.043750 0.044444
4 0.643750 0.654861 0.039062 0.054167
4 0.578125 0.590278 0.029687 0.041667
4 0.597266 0.583333 0.028906 0.038889
4 0.569141 0.535417 0.024219 0.034722
4 0.628125 0.550000 0.034375 0.038889
4 0.668750 0.559028 0.031250 0.040278
4 0.656250 0.613889 0.034375 0.038889
4 0.678516 0.609028 0.032031 0.040278
4 0.694922 0.603472 0.032031 0.034722
4 0.762109 0.609722 0.039844 0.041667
4 0.845703 0.647917 0.047656 0.043056
4 0.948438 0.644444 0.053125 0.052778
4 0.919141 0.611806 0.042969 0.037500
4 0.781250 0.570833 0.035937 0.033333
4 0.797266 0.561806 0.036719 0.031944
4 0.818750 0.554167 0.026562 0.033333
4 0.703125 0.553472 0.029687 0.031944
4 0.691016 0.530556 0.030469 0.027778
4 0.710547 0.525000 0.027344 0.027778
4 0.724609 0.520139 0.027344 0.031944
4 0.679688 0.497222 0.029687 0.027778
4 0.695312 0.490972 0.023438 0.026389
4 0.609375 0.495833 0.029687 0.027778
4 0.626953 0.487500 0.032031 0.030556
4 0.795703 0.498611 0.033594 0.033333
4 0.823438 0.511806 0.026562 0.029167
4 0.864062 0.533333 0.031250 0.030556
4 0.891406 0.546528 0.035937 0.034722
4 0.913672 0.554167 0.036719 0.036111
4 0.926953 0.564583 0.038281 0.034722
4 0.948438 0.572222 0.035937 0.036111
4 0.969531 0.584722 0.034375 0.033333
4 0.985547 0.594444 0.028906 0.038889
