4 0.290234 0.693750 0.032031 0.037500
4 0.358203 0.656944 0.032031 0.030556
4 0.382812 0.682639 0.035937 0.051389
4 0.360938 0.698611 0.035937 0.044444
4 0.362500 0.827778 0.042188 0.063889
4 0.380078 0.595833 0.032031 0.044444
4 0.369141 0.540278 0.027344 0.036111
4 0.395703 0.519444 0.035156 0.033333
4 0.266406 0.703472 0.031250 0.043056
4 0.230469 0.646528 0.029687 0.043056
4 0.207031 0.655556 0.026562 0.041667
4 0.182812 0.665278 0.032813 0.041667
4 0.217969 0.723611 0.034375 0.047222
4 0.192969 0.738889 0.031250 0.050000
4 0.163281 0.748611 0.031250 0.050000
4 0.133203 0.756250 0.030469 0.043056
4 0.159375 0.676389 0.031250 0.047222
4 0.134766 0.679861 0.032031 0.051389
4 0.109766 0.690278 0.028906 0.050000
4 0.083594 0.706250 0.029687 0.048611
4 0.057031 0.713194 0.029687 0.051389
4 0.028125 0.725694 0.028125 0.051389
4 0.015625 0.817361 0.029687 0.051389
4 0.045312 0.802083 0.029687 0.051389
4 0.053906 0.838889 0.032813 0.061111
4 0.073828 0.788889 0.028906 0.038889
4 0.089063 0.828472 0.034375 0.054167
4 0.104297 0.771528 0.030469 0.051389
4 0.122656 0.809722 0.034375 0.061111
4 0.153906 0.800694 0.028125 0.048611
4 0.428125 0.551389 0.032813 0.038889
4 0.417578 0.636111 0.032031 0.038889
4 0.444141 0.655556 0.039844 0.044444
4 0.466797 0.560417 0.033594 0.040278
4 0.491797 0.602778 0.032031 0.030556
4 0.499219 0.554167 0.029687 0.027778
4 0.459766 0.509028 0.030469 0.029167
4 0.479297 0.497917 0.024219 0.026389
4 0.427734 0.493750 0.028906 0.026389
4 0.544531 0.577778 0.034375 0.027778
4 0.553906 0.604167 0.034375 0.038889
4 0.504297 0.526389 0.028906 0.030556
4 0.521484 0.518056 0.022656 0.025000
4 0.535156 0.513194 0.021875 0.026389
4 0.558984 0.525000 0.030469 0.033333
4 0.585547 0.557639 0.032031 0.031944
4 0.602734 0.550000 0.024219 0.027778
4 0.605859 0.508333 0.021094 0.025000
4 0.584766 0.500000 0.025781 0.027778
4 0.572266 0.492361 0.025781 0.026389
4 0.559766 0.486806 0.024219 0.026389
4 0.523828 0.468750 0.025781 0.020833
4 0.511719 0.465278 0.025000 0.022222
4 0.537500 0.678472 0.040625 0.040278
4 0.574609 0.659722 0.038281 0.038889
4 0.627734 0.636111 0.038281 0.036111
4 0.716016 0.625000 0.042969 0.047222
4 0.603906 0.790972 0.053125 0.065278
4 0.554297 0.722222 0.042969 0.050000
4 0.534375 0.839583 0.053125 0.059722
4 0.503125 0.860417 0.051562 0.062500
4 0.553125 0.910417 0.059375 0.079167
4 0.493359 0.950694 0.055469 0.076389
4 0.387500 0.933333 0.051562 0.072222
4 0.428125 0.977083 0.053125 0.045833
4 0.245312 0.840278 0.039062 0.055556
4 0.238281 0.895833 0.048438 0.086111
4 0.215234 0.849306 0.035156 0.048611
4 0.181250 0.870833 0.037500 0.055556
4 0.148047 0.890972 0.041406 0.068056
4 0.111328 0.901389 0.033594 0.075000
4 0.132422 0.961111 0.041406 0.075000
4 0.076953 0.926389 0.038281 0.058333
4 0.089063 0.975000 0.040625 0.050000
4 0.035937 0.947917 0.035937 0.051389
4 0.862109 0.629861 0.039844 0.051389
4 0.752344 0.578472 0.032813 0.034722
4 0.735156 0.569444 0.031250 0.030556
4 0.714453 0.561806 0.030469 0.031944
4 0.698828 0.554167 0.032031 0.033333
4 0.687891 0.546528 0.032031 0.031944
4 0.969141 0.690278 0.058594 0.052778
